殣	xuán	minnow		
